1000
-10202523
193666543
189933815
207558027
1046635599
-725283219
743899768
-981988077
-548494087
-691795453
879702675
-342929342
758119356
-521149428
442790903
-544123939
904376897
13858124
-665187372
407941276
-186304549
595761959
-225406327
648398278
410398161
1005174140
558007276
378037084
770948187
1051712644
-857041108
1063025689
-399626748
-797693893
-983244933
-1010114642
-560475010
-212853473
-646204463
-744555092
315634774
-727241797
898719697
943894252
1028684292
342681083
892836765
-829355971
-652593818
-81087001
480627684
-824626072
560553588
338566160
-65074472
638211810
864723200
90731832
-797378692
690058674
-904465949
-961984317
-921415984
370305922
234187301
100409306
-189248665
595911288
-995857401
387113429
-203305456
-757181003
845876970
1069923415
808930756
-835576720
-634137758
198283378
-34435018
-707757240
-604921803
236841292
-181327421
525188984
227542443
368278116
1044170247
167403578
160418449
-492034681
-50579540
853879190
-779042872
-930772623
-52539067
1017146987
-903226056
90118087
934249753
220414697
-1064262261
877441934
-823440092
-700465558
-642723109
-486090962
272260209
-213432853
1031096863
-1000258845
586061278
9821781
136534240
-686738744
91082056
266176162
113850347
405544292
245125166
-30762361
48289867
-51906107
947401927
918174706
-462948358
-146403940
238449395
400278987
953056519
896615283
827507848
1026967126
943463151
465111457
102976900
619380951
835599891
758232981
966855657
-80873356
-628146089
790854750
-147451799
-770866603
-771234455
-812591760
-830308645
692182881
-898883848
-146961365
-165063285
-335683763
562305184
868170993
-908722500
-254178788
-627929935
-834640853
382445526
303026897
-795254806
801043926
57631240
577261965
595428937
598702864
459148059
-716831215
-777310497
-569526188
-893453237
645144897
586889231
-503063578
-660306844
-395716493
12250155
40973384
963323466
-572637559
299304251
901344742
-550985126
631580517
-246744689
-630892011
-10762810
-974253834
404066290
-767673225
439223294
-836888977
454278138
95199761
-390605423
-727848436
675463619
-247218432
886628815
135583553
1040884551
-746433358
-27988492
564776324
-363736214
-386785069
906401203
-1073516077
-163892500
-521219455
-1055339549
283130224
1049580694
-713193037
-480763299
826248207
401738021
347987066
550296048
-768283197
19215330
-224565861
468630397
-90295816
213509944
630643493
-287066288
739620003
-693057607
-513430442
-77967816
-1013342786
162183557
-155768871
766558398
612444740
-362097489
922888694
892995733
377028522
394960943
936268628
1016174547
1029670197
643929922
-791427394
974053856
872040035
88143255
-730042596
25799534
412966326
239389423
175099578
-708828517
-989993378
-48539687
-537766795
-791691392
-125274477
88322513
302070406
408022040
-290151870
358920147
-919343904
-221416217
820937901
-411230781
931919521
-112344833
-305179894
-724682285
-998475319
-921644513
1031665335
-8292476
865217521
-966980304
-47140974
-1020621555
-163259075
850381402
-773276207
6735573
26969823
227913030
-324987680
1056613350
208396538
-258095639
-666299120
-856769904
186548355
-738691155
-335262163
-263396351
302022344
-361551226
-230143523
-197218061
-11819514
144818992
798055650
-781310474
-366073581
-735649047
830964549
-324419771
-734338920
-986976218
831275148
-437469817
-20246040
-717625680
-607483072
890026463
234536242
197390314
-167657837
-663912012
-821529691
-237714681
795120906
624704498
134329746
-747647729
-721081671
-674048925
717543659
374809047
1013384885
-704335794
495023914
-754502862
-269472091
741714626
117466147
-975613356
118636556
691820764
756820920
459142935
371495605
472945992
-135063515
203411669
-938974445
442979862
343654629
824221317
-36699002
-620968158
-45801477
-209662244
1052908503
544059415
-531943248
-152901491
-718151490
-673112301
-320268736
-549733690
717580461
149118431
219269422
-673163963
-790431404
-411881842
-384283058
-893204341
538862102
-714977771
-714050427
-1007768040
-73441545
-550878621
-302965929
242645156
194642535
-1015648875
708903199
757239051
739387413
-607884670
590813377
-363650717
-616370569
-946097901
286746899
-676993526
623065467
184386063
1052078575
923825583
-543146809
-473031673
-979035355
-331313802